Size (5) [ 0 0 0 0 0 ] -> Avg (0)
Size (6) [ 1 1 1 1 1 ] -> Avg (1)
Size (7) [ 2 2 1 1 1 ] -> Avg (1.4)
Size (8) [ 3 2 2 2 2 ] -> Avg (2.2)
Size (9) [ 3 3 3 3 3 ] -> Avg (3)
Size (10) [ 4 4 4 3 3 ] -> Avg (3.6)
Size (11) [ 5 4 5 5 5 ] -> Avg (4.8)
Size (12) [ 6 6 6 6 6 ] -> Avg (6)
Size (13) [ 8 8 8 8 8 ] -> Avg (8)
Size (14) [ 10 10 10 12 10 ] -> Avg (10.4)
Size (15) [ 13 14 13 16 14 ] -> Avg (14)
Size (16) [ 16 17 15 15 16 ] -> Avg (15.8)
Size (17) [ 20 18 19 18 19 ] -> Avg (18.8)
Size (18) [ 24 22 22 22 23 ] -> Avg (22.6)
Size (19) [ 29 26 27 27 27 ] -> Avg (27.2)
Size (20) [ 30 32 31 32 34 ] -> Avg (31.8)
Size (21) [ 36 35 35 38 35 ] -> Avg (35.8)
Size (22) [ 42 44 41 45 42 ] -> Avg (42.8)
Size (23) [ 47 51 47 48 48 ] -> Avg (48.2)
Size (24) [ 56 57 53 53 53 ] -> Avg (54.4)
Size (25) [ 60 62 65 60 61 ] -> Avg (61.6)
Size (26) [ 74 69 69 68 72 ] -> Avg (70.4)
Size (27) [ 80 77 76 79 77 ] -> Avg (77.8)
Size (28) [ 91 92 85 87 89 ] -> Avg (88.8)
Size (29) [ 102 97 102 95 97 ] -> Avg (98.6)
Size (30) [ 106 103 104 108 107 ] -> Avg (105.6)
Size (31) [ 121 125 124 116 117 ] -> Avg (120.6)
Size (32) [ 128 135 130 127 134 ] -> Avg (130.8)
Size (33) [ 144 148 144 154 146 ] -> Avg (147.2)
Size (34) [ 168 170 167 157 158 ] -> Avg (164)
Size (35) [ 175 175 175 176 179 ] -> Avg (176)
Size (36) [ 192 192 189 197 193 ] -> Avg (192.6)
Size (37) [ 203 205 206 214 203 ] -> Avg (206.2)
Size (38) [ 221 221 226 230 228 ] -> Avg (225.2)
Size (39) [ 239 251 254 242 240 ] -> Avg (245.2)
Size (40) [ 266 255 263 263 271 ] -> Avg (263.6)
Size (41) [ 290 282 279 279 282 ] -> Avg (282.4)
Size (42) [ 307 304 307 306 301 ] -> Avg (305)
Size (43) [ 329 324 326 330 334 ] -> Avg (328.6)
Size (44) [ 363 351 351 362 360 ] -> Avg (357.4)
Size (45) [ 384 381 378 373 375 ] -> Avg (378.2)
Size (46) [ 398 410 415 397 400 ] -> Avg (404)
Size (47) [ 421 427 435 435 426 ] -> Avg (428.8)
Size (48) [ 465 484 472 455 457 ] -> Avg (466.6)
Size (49) [ 485 498 496 492 494 ] -> Avg (493)
Size (50) [ 542 530 520 529 532 ] -> Avg (530.6)
Size (51) [ 574 561 557 565 563 ] -> Avg (564)
Size (52) [ 587 586 594 592 578 ] -> Avg (587.4)
Size (53) [ 619 626 620 617 639 ] -> Avg (624.2)
Size (54) [ 655 648 648 664 653 ] -> Avg (653.6)
Size (55) [ 730 706 703 704 697 ] -> Avg (708)
Size (56) [ 746 738 751 732 745 ] -> Avg (742.4)
Size (57) [ 787 788 793 781 810 ] -> Avg (791.8)
Size (58) [ 846 833 833 845 833 ] -> Avg (838)
Size (59) [ 870 891 881 898 885 ] -> Avg (885)
Size (60) [ 910 916 914 949 924 ] -> Avg (922.6)
Size (61) [ 983 999 987 958 992 ] -> Avg (983.8)
Size (62) [ 1043 1039 1030 1041 1039 ] -> Avg (1038.4)
Size (63) [ 1112 1074 1073 1108 1125 ] -> Avg (1098.4)
Size (64) [ 1149 1139 1120 1125 1120 ] -> Avg (1130.6)
Size (65) [ 1191 1190 1228 1226 1251 ] -> Avg (1217.2)
Size (66) [ 1294 1278 1264 1296 1271 ] -> Avg (1280.6)
Size (67) [ 1351 1380 1326 1333 1342 ] -> Avg (1346.4)
Size (68) [ 1390 1426 1381 1410 1400 ] -> Avg (1401.4)
Size (69) [ 1459 1469 1497 1469 1446 ] -> Avg (1468)
Size (70) [ 1512 1507 1519 1518 1540 ] -> Avg (1519.2)
Size (71) [ 1581 1592 1601 1591 1609 ] -> Avg (1594.8)
Size (72) [ 1669 1682 1683 1663 1663 ] -> Avg (1672)
Size (73) [ 1735 1762 1732 1747 1767 ] -> Avg (1748.6)
Size (74) [ 1835 1824 1803 1918 1831 ] -> Avg (1842.2)
Size (75) [ 1888 1890 1857 1887 1887 ] -> Avg (1881.8)
Size (76) [ 1970 1978 1998 1988 2027 ] -> Avg (1992.2)
Size (77) [ 2086 2143 2038 2041 2092 ] -> Avg (2080)
Size (78) [ 2141 2152 2163 2189 2149 ] -> Avg (2158.8)
Size (79) [ 2264 2243 2269 2220 2215 ] -> Avg (2242.2)
Size (80) [ 2312 2326 2317 2350 2349 ] -> Avg (2330.8)
Size (81) [ 2437 2490 2409 2403 2510 ] -> Avg (2449.8)
Size (82) [ 2538 2518 2514 2594 2490 ] -> Avg (2530.8)
Size (83) [ 2628 2610 2712 2626 2590 ] -> Avg (2633.2)
Size (84) [ 2740 2790 2710 2695 2767 ] -> Avg (2740.4)
Size (85) [ 2881 2834 2837 2811 2807 ] -> Avg (2834)
Size (86) [ 2930 2925 2934 2938 2936 ] -> Avg (2932.6)
Size (87) [ 3028 3029 3048 3079 3008 ] -> Avg (3038.4)
Size (88) [ 3074 3145 3176 3172 3135 ] -> Avg (3140.4)
Size (89) [ 3322 3218 3235 3293 3250 ] -> Avg (3263.6)
Size (90) [ 3465 3390 3351 3333 3367 ] -> Avg (3381.2)
Size (91) [ 3542 3648 3563 3585 3551 ] -> Avg (3577.8)
Size (92) [ 3636 3618 3608 3630 3642 ] -> Avg (3626.8)
Size (93) [ 3737 3781 3853 3728 3757 ] -> Avg (3771.2)
Size (94) [ 3920 3865 3906 3863 3917 ] -> Avg (3894.2)
Size (95) [ 3969 4000 3985 4034 4075 ] -> Avg (4012.6)
Size (96) [ 4264 4155 4139 4144 4126 ] -> Avg (4165.6)
Size (97) [ 4331 4303 4349 4452 4502 ] -> Avg (4387.4)
Size (98) [ 4437 4381 4433 4481 4366 ] -> Avg (4419.6)
Size (99) [ 4717 4589 4522 4555 4662 ] -> Avg (4609)
Size (100) [ 4728 4769 4693 4741 4787 ] -> Avg (4743.6)
Size (101) [ 4964 4891 4964 4863 4925 ] -> Avg (4921.4)
Size (102) [ 4987 5050 5086 5009 4988 ] -> Avg (5024)
Size (103) [ 5173 5175 5190 5172 5179 ] -> Avg (5177.8)
Size (104) [ 5458 5368 5500 5422 5440 ] -> Avg (5437.6)
Size (105) [ 5471 5511 5545 5479 5535 ] -> Avg (5508.2)
Size (106) [ 5647 5717 5754 5697 5711 ] -> Avg (5705.2)
Size (107) [ 5829 5873 5854 5873 5817 ] -> Avg (5849.2)
Size (108) [ 5995 6082 6078 6024 6166 ] -> Avg (6069)
Size (109) [ 6177 6175 6167 6197 6275 ] -> Avg (6198.2)
Size (110) [ 6392 6339 6463 6358 6423 ] -> Avg (6395)
Size (111) [ 6522 6624 6588 6541 6502 ] -> Avg (6555.4)
Size (112) [ 6759 6786 6736 6771 6821 ] -> Avg (6774.6)
Size (113) [ 6933 7006 6914 7003 6998 ] -> Avg (6970.8)
Size (114) [ 7162 7151 7141 7248 7179 ] -> Avg (7176.2)
Size (115) [ 7411 7346 7422 7315 7395 ] -> Avg (7377.8)
Size (116) [ 7552 7511 7699 7588 7636 ] -> Avg (7597.2)
Size (117) [ 7795 7748 7870 7815 7906 ] -> Avg (7826.8)
Size (118) [ 7988 8034 7991 8032 7915 ] -> Avg (7992)
Size (119) [ 8239 8262 8292 8255 8279 ] -> Avg (8265.4)
Size (120) [ 8423 8524 8376 8469 8487 ] -> Avg (8455.8)
Size (121) [ 8659 8810 8931 8691 8725 ] -> Avg (8763.2)
Size (122) [ 8920 8937 8925 8880 8842 ] -> Avg (8900.8)
Size (123) [ 9058 9167 9186 9300 9192 ] -> Avg (9180.6)
Size (124) [ 9433 9333 9499 9623 9409 ] -> Avg (9459.4)
Size (125) [ 9667 9689 9623 9637 9815 ] -> Avg (9686.2)
Size (126) [ 10004 9979 9889 9997 9905 ] -> Avg (9954.8)
Size (127) [ 10117 10324 10313 10077 10179 ] -> Avg (10202)
Size (128) [ 10478 10489 10418 10557 10355 ] -> Avg (10459.4)
Size (129) [ 10748 10649 10593 10658 10705 ] -> Avg (10670.6)
Size (130) [ 11183 11054 11050 11097 11196 ] -> Avg (11116)
Size (131) [ 11378 11483 11360 11370 11362 ] -> Avg (11390.6)
Size (132) [ 11875 11731 11619 11743 11703 ] -> Avg (11734.2)
