Size (5) [ 1 1 1 1 1 ] -> Avg (1)
Size (6) [ 1 1 1 2 3 ] -> Avg (1.6)
Size (7) [ 3 3 2 2 2 ] -> Avg (2.4)
Size (8) [ 3 3 3 2 3 ] -> Avg (2.8)
Size (9) [ 3 3 3 3 3 ] -> Avg (3)
Size (10) [ 5 4 4 4 4 ] -> Avg (4.2)
Size (11) [ 6 5 5 4 4 ] -> Avg (4.8)
Size (12) [ 7 6 6 7 6 ] -> Avg (6.4)
Size (13) [ 8 8 8 8 8 ] -> Avg (8)
Size (14) [ 10 10 10 11 10 ] -> Avg (10.2)
Size (15) [ 12 12 13 12 13 ] -> Avg (12.4)
Size (16) [ 16 15 15 16 16 ] -> Avg (15.6)
Size (17) [ 19 21 18 19 18 ] -> Avg (19)
Size (18) [ 22 23 22 22 21 ] -> Avg (22)
Size (19) [ 26 26 26 27 25 ] -> Avg (26)
Size (20) [ 31 33 31 31 30 ] -> Avg (31.2)
Size (21) [ 35 34 35 40 37 ] -> Avg (36.2)
Size (22) [ 43 41 40 43 40 ] -> Avg (41.4)
Size (23) [ 47 49 48 49 46 ] -> Avg (47.8)
Size (24) [ 56 55 54 54 53 ] -> Avg (54.4)
Size (25) [ 59 60 60 60 60 ] -> Avg (59.8)
Size (26) [ 70 69 70 69 70 ] -> Avg (69.6)
Size (27) [ 79 75 80 79 78 ] -> Avg (78.2)
Size (28) [ 88 87 87 85 83 ] -> Avg (86)
Size (29) [ 95 95 94 98 93 ] -> Avg (95)
Size (30) [ 108 105 108 106 106 ] -> Avg (106.6)
Size (31) [ 124 113 123 115 115 ] -> Avg (118)
Size (32) [ 128 127 127 127 129 ] -> Avg (127.6)
Size (33) [ 144 140 140 139 139 ] -> Avg (140.4)
Size (34) [ 159 155 160 159 176 ] -> Avg (161.8)
Size (35) [ 170 170 174 177 176 ] -> Avg (173.4)
Size (36) [ 185 185 186 187 189 ] -> Avg (186.4)
Size (37) [ 208 204 204 199 205 ] -> Avg (204)
Size (38) [ 222 228 221 221 227 ] -> Avg (223.8)
Size (39) [ 236 245 234 236 239 ] -> Avg (238)
Size (40) [ 274 253 258 255 262 ] -> Avg (260.4)
Size (41) [ 277 286 278 285 281 ] -> Avg (281.4)
Size (42) [ 300 297 300 301 297 ] -> Avg (299)
Size (43) [ 321 326 321 324 324 ] -> Avg (323.2)
Size (44) [ 344 345 348 348 348 ] -> Avg (346.6)
Size (45) [ 370 374 373 373 366 ] -> Avg (371.2)
Size (46) [ 392 397 392 394 391 ] -> Avg (393.2)
Size (47) [ 425 421 431 434 429 ] -> Avg (428)
Size (48) [ 503 469 456 452 465 ] -> Avg (469)
Size (49) [ 487 493 501 508 496 ] -> Avg (497)
Size (50) [ 538 523 523 534 544 ] -> Avg (532.4)
Size (51) [ 563 567 562 577 585 ] -> Avg (570.8)
Size (52) [ 588 587 576 586 580 ] -> Avg (583.4)
Size (53) [ 647 619 640 634 634 ] -> Avg (634.8)
Size (54) [ 660 667 668 677 653 ] -> Avg (665)
Size (55) [ 686 691 681 708 721 ] -> Avg (697.4)
Size (56) [ 779 813 784 789 773 ] -> Avg (787.6)
Size (57) [ 808 835 779 793 795 ] -> Avg (802)
Size (58) [ 837 825 822 842 814 ] -> Avg (828)
