Size (5) [ 1 0 0 0 0 ] -> Avg (0.2)
Size (6) [ 1 1 1 1 1 ] -> Avg (1)
Size (7) [ 2 1 1 1 1 ] -> Avg (1.2)
Size (8) [ 2 2 2 2 2 ] -> Avg (2)
Size (9) [ 3 3 3 3 3 ] -> Avg (3)
Size (10) [ 4 4 4 4 3 ] -> Avg (3.8)
Size (11) [ 5 5 5 5 4 ] -> Avg (4.8)
Size (12) [ 6 6 6 6 7 ] -> Avg (6.2)
Size (13) [ 8 8 8 9 8 ] -> Avg (8.2)
Size (14) [ 11 10 11 10 10 ] -> Avg (10.4)
Size (15) [ 13 13 12 13 12 ] -> Avg (12.6)
Size (16) [ 16 16 16 16 16 ] -> Avg (16)
Size (17) [ 19 19 19 19 21 ] -> Avg (19.4)
Size (18) [ 28 23 23 23 28 ] -> Avg (25)
Size (19) [ 33 27 29 26 32 ] -> Avg (29.4)
Size (20) [ 31 31 32 31 30 ] -> Avg (31)
Size (21) [ 36 36 37 37 35 ] -> Avg (36.2)
Size (22) [ 41 40 41 43 43 ] -> Avg (41.6)
Size (23) [ 49 48 48 52 48 ] -> Avg (49)
Size (24) [ 55 56 54 56 61 ] -> Avg (56.4)
Size (25) [ 60 60 63 59 61 ] -> Avg (60.6)
Size (26) [ 68 77 71 69 70 ] -> Avg (71)
Size (27) [ 78 77 77 80 78 ] -> Avg (78)
Size (28) [ 89 94 86 88 90 ] -> Avg (89.4)
Size (29) [ 98 98 108 98 98 ] -> Avg (100)
Size (30) [ 111 116 112 104 108 ] -> Avg (110.2)
Size (31) [ 122 117 119 125 115 ] -> Avg (119.6)
Size (32) [ 131 141 128 129 137 ] -> Avg (133.2)
Size (33) [ 142 144 138 144 144 ] -> Avg (142.4)
Size (34) [ 159 164 162 159 158 ] -> Avg (160.4)
Size (35) [ 180 171 173 182 174 ] -> Avg (176)
Size (36) [ 193 207 190 193 190 ] -> Avg (194.6)
Size (37) [ 208 214 205 217 205 ] -> Avg (209.8)
Size (38) [ 223 218 235 240 223 ] -> Avg (227.8)
Size (39) [ 242 243 246 243 242 ] -> Avg (243.2)
Size (40) [ 267 268 262 279 273 ] -> Avg (269.8)
Size (41) [ 286 299 277 283 290 ] -> Avg (287)
Size (42) [ 305 301 301 304 305 ] -> Avg (303.2)
Size (43) [ 331 326 330 337 329 ] -> Avg (330.6)
Size (44) [ 350 350 349 359 348 ] -> Avg (351.2)
Size (45) [ 387 386 366 378 380 ] -> Avg (379.4)
Size (46) [ 399 405 397 404 403 ] -> Avg (401.6)
Size (47) [ 423 433 433 422 444 ] -> Avg (431)
Size (48) [ 455 462 453 461 458 ] -> Avg (457.8)
Size (49) [ 516 493 493 496 492 ] -> Avg (498)
Size (50) [ 525 541 517 519 516 ] -> Avg (523.6)
Size (51) [ 554 579 577 556 553 ] -> Avg (563.8)
Size (52) [ 595 596 584 584 620 ] -> Avg (595.8)
Size (53) [ 651 641 614 622 649 ] -> Avg (635.4)
Size (54) [ 657 648 661 667 668 ] -> Avg (660.2)
Size (55) [ 695 700 706 700 713 ] -> Avg (702.8)
Size (56) [ 729 761 751 750 775 ] -> Avg (753.2)
Size (57) [ 770 782 796 768 794 ] -> Avg (782)
Size (58) [ 843 831 822 825 822 ] -> Avg (828.6)
Size (59) [ 871 896 858 878 879 ] -> Avg (876.4)
Size (60) [ 926 922 942 931 922 ] -> Avg (928.6)
Size (61) [ 966 976 1005 991 1000 ] -> Avg (987.6)
Size (62) [ 1038 1051 1025 1033 1025 ] -> Avg (1034.4)
Size (63) [ 1083 1085 1086 1081 1089 ] -> Avg (1084.8)
Size (64) [ 1134 1134 1128 1122 1131 ] -> Avg (1129.8)
Size (65) [ 1199 1191 1199 1190 1196 ] -> Avg (1195)
Size (66) [ 1314 1282 1333 1260 1279 ] -> Avg (1293.6)
Size (67) [ 1335 1321 1316 1359 1331 ] -> Avg (1332.4)
Size (68) [ 1454 1395 1390 1417 1412 ] -> Avg (1413.6)
Size (69) [ 1458 1456 1474 1461 1476 ] -> Avg (1465)
Size (70) [ 1509 1528 1519 1560 1500 ] -> Avg (1523.2)
Size (71) [ 1635 1613 1602 1587 1597 ] -> Avg (1606.8)
Size (72) [ 1677 1711 1690 1666 1715 ] -> Avg (1691.8)
Size (73) [ 1756 1746 1712 1705 1790 ] -> Avg (1741.8)
Size (74) [ 1852 1821 1811 1822 1828 ] -> Avg (1826.8)
Size (75) [ 1893 1909 1914 1937 1910 ] -> Avg (1912.6)
Size (76) [ 1979 2002 1975 1993 1991 ] -> Avg (1988)
Size (77) [ 2075 2052 2040 2110 2059 ] -> Avg (2067.2)
Size (78) [ 2205 2151 2173 2162 2154 ] -> Avg (2169)
Size (79) [ 2254 2279 2211 2200 2258 ] -> Avg (2240.4)
Size (80) [ 2381 2391 2307 2297 2344 ] -> Avg (2344)
Size (81) [ 2377 2470 2460 2420 2406 ] -> Avg (2426.6)
Size (82) [ 2541 2539 2589 2498 2566 ] -> Avg (2546.6)
Size (83) [ 2594 2633 2602 2687 2698 ] -> Avg (2642.8)
Size (84) [ 2722 2700 2735 2744 2782 ] -> Avg (2736.6)
Size (85) [ 2864 2788 2860 2798 2801 ] -> Avg (2822.2)
Size (86) [ 2949 2928 2933 2900 2969 ] -> Avg (2935.8)
Size (87) [ 3095 3035 3076 3160 3040 ] -> Avg (3081.2)
Size (88) [ 3144 3134 3131 3161 3150 ] -> Avg (3144)
Size (89) [ 3261 3231 3314 3245 3225 ] -> Avg (3255.2)
Size (90) [ 3354 3365 3397 3409 3484 ] -> Avg (3401.8)
Size (91) [ 3473 3441 3470 3468 3511 ] -> Avg (3472.6)
Size (92) [ 3576 3596 3613 3602 3582 ] -> Avg (3593.8)
Size (93) [ 3814 3707 3690 3796 3704 ] -> Avg (3742.2)
Size (94) [ 3813 3839 3812 3836 3792 ] -> Avg (3818.4)
Size (95) [ 3987 3981 3934 3951 3956 ] -> Avg (3961.8)
Size (96) [ 4175 4072 4096 4186 4117 ] -> Avg (4129.2)
Size (97) [ 4232 4254 4270 4317 4364 ] -> Avg (4287.4)
Size (98) [ 4389 4378 4432 4477 4408 ] -> Avg (4416.8)
Size (99) [ 4581 4566 4551 4492 4500 ] -> Avg (4538)
Size (100) [ 4648 4716 4819 4752 4759 ] -> Avg (4738.8)
Size (101) [ 4851 4872 4898 4947 4960 ] -> Avg (4905.6)
Size (102) [ 4999 5048 5005 5069 5060 ] -> Avg (5036.2)
Size (103) [ 5241 5216 5212 5192 5147 ] -> Avg (5201.6)
Size (104) [ 5660 5511 5361 5374 5363 ] -> Avg (5453.8)
Size (105) [ 5500 5553 5625 5471 5486 ] -> Avg (5527)
Size (106) [ 5730 5686 5753 5600 5608 ] -> Avg (5675.4)
Size (107) [ 5722 5856 5793 5745 5919 ] -> Avg (5807)
Size (108) [ 6059 6096 6015 6054 6179 ] -> Avg (6080.6)
Size (109) [ 6161 6208 6245 6145 6182 ] -> Avg (6188.2)
Size (110) [ 6295 6296 6359 6338 6341 ] -> Avg (6325.8)
Size (111) [ 6498 6586 6585 6510 6470 ] -> Avg (6529.8)
Size (112) [ 6712 6760 6791 6877 6780 ] -> Avg (6784)
Size (113) [ 6885 6972 6958 6988 7083 ] -> Avg (6977.2)
Size (114) [ 7122 7226 7270 7345 7124 ] -> Avg (7217.4)
Size (115) [ 7365 7366 7282 7411 7365 ] -> Avg (7357.8)
Size (116) [ 7709 7529 7526 7466 7649 ] -> Avg (7575.8)
Size (117) [ 7959 7752 7882 7860 7697 ] -> Avg (7830)
