Size (5) [ 0 0 0 0 0 ] -> Avg (0)
Size (6) [ 0 1 0 0 0 ] -> Avg (0.2)
Size (7) [ 1 1 1 1 1 ] -> Avg (1)
Size (8) [ 2 2 2 2 2 ] -> Avg (2)
Size (9) [ 2 2 2 2 2 ] -> Avg (2)
Size (10) [ 3 3 3 3 3 ] -> Avg (3)
Size (11) [ 5 4 4 4 5 ] -> Avg (4.4)
Size (12) [ 6 6 6 6 6 ] -> Avg (6)
Size (13) [ 8 8 8 8 8 ] -> Avg (8)
Size (14) [ 11 11 10 10 10 ] -> Avg (10.4)
Size (15) [ 12 12 12 12 13 ] -> Avg (12.2)
Size (16) [ 15 17 15 16 15 ] -> Avg (15.6)
Size (17) [ 18 19 19 20 19 ] -> Avg (19)
Size (18) [ 22 23 22 22 24 ] -> Avg (22.6)
Size (19) [ 26 27 34 25 26 ] -> Avg (27.6)
Size (20) [ 30 32 31 31 30 ] -> Avg (30.8)
Size (21) [ 36 35 38 40 35 ] -> Avg (36.8)
Size (22) [ 40 41 42 40 40 ] -> Avg (40.6)
Size (23) [ 50 49 49 46 50 ] -> Avg (48.8)
Size (24) [ 54 55 53 54 53 ] -> Avg (53.8)
Size (25) [ 61 58 61 61 59 ] -> Avg (60)
Size (26) [ 69 67 67 69 67 ] -> Avg (67.8)
Size (27) [ 76 75 77 76 77 ] -> Avg (76.2)
Size (28) [ 84 97 84 86 86 ] -> Avg (87.4)
Size (29) [ 105 95 101 99 98 ] -> Avg (99.6)
Size (30) [ 107 106 106 112 113 ] -> Avg (108.8)
Size (31) [ 121 124 132 121 123 ] -> Avg (124.2)
Size (32) [ 130 132 129 128 127 ] -> Avg (129.2)
Size (33) [ 145 148 142 142 141 ] -> Avg (143.6)
Size (34) [ 165 156 156 165 159 ] -> Avg (160.2)
Size (35) [ 171 178 171 172 175 ] -> Avg (173.4)
Size (36) [ 186 188 196 185 190 ] -> Avg (189)
Size (37) [ 209 209 206 210 209 ] -> Avg (208.6)
Size (38) [ 233 225 222 221 222 ] -> Avg (224.6)
Size (39) [ 249 272 247 235 242 ] -> Avg (249)
Size (40) [ 267 275 261 266 264 ] -> Avg (266.6)
Size (41) [ 284 302 295 293 301 ] -> Avg (295)
Size (42) [ 316 308 300 301 311 ] -> Avg (307.2)
Size (43) [ 333 335 327 334 344 ] -> Avg (334.6)
Size (44) [ 423 369 354 358 353 ] -> Avg (371.4)
Size (45) [ 371 377 388 371 369 ] -> Avg (375.2)
Size (46) [ 399 394 406 409 399 ] -> Avg (401.4)
Size (47) [ 419 439 451 452 454 ] -> Avg (443)
Size (48) [ 480 462 495 495 475 ] -> Avg (481.4)
Size (49) [ 481 497 474 485 477 ] -> Avg (482.8)
Size (50) [ 513 519 515 521 510 ] -> Avg (515.6)
Size (51) [ 543 547 540 543 547 ] -> Avg (544)
Size (52) [ 604 576 573 580 591 ] -> Avg (584.8)
Size (53) [ 615 612 638 615 623 ] -> Avg (620.6)
Size (54) [ 646 665 662 650 650 ] -> Avg (654.6)
Size (55) [ 682 685 685 754 695 ] -> Avg (700.2)
Size (56) [ 730 728 756 741 739 ] -> Avg (738.8)
Size (57) [ 768 778 776 780 788 ] -> Avg (778)
Size (58) [ 813 805 852 830 839 ] -> Avg (827.8)
Size (59) [ 880 863 875 855 879 ] -> Avg (870.4)
Size (60) [ 919 903 910 917 933 ] -> Avg (916.4)
Size (61) [ 973 983 970 969 979 ] -> Avg (974.8)
Size (62) [ 1027 1023 1015 1033 1072 ] -> Avg (1034)
Size (63) [ 1108 1132 1110 1099 1114 ] -> Avg (1112.6)
Size (64) [ 1134 1133 1109 1115 1129 ] -> Avg (1124)
Size (65) [ 1170 1157 1175 1180 1166 ] -> Avg (1169.6)
Size (66) [ 1247 1253 1283 1274 1290 ] -> Avg (1269.4)
Size (67) [ 1300 1339 1307 1325 1318 ] -> Avg (1317.8)
Size (68) [ 1379 1381 1449 1405 1376 ] -> Avg (1398)
Size (69) [ 1444 1469 1499 1488 1485 ] -> Avg (1477)
Size (70) [ 1540 1516 1544 1582 1552 ] -> Avg (1546.8)
Size (71) [ 1615 1584 1577 1554 1575 ] -> Avg (1581)
Size (72) [ 1648 1681 1675 1639 1636 ] -> Avg (1655.8)
Size (73) [ 1727 1742 1758 1768 1805 ] -> Avg (1760)
Size (74) [ 1830 1851 1838 1805 1848 ] -> Avg (1834.4)
Size (75) [ 1890 1901 1924 1879 1923 ] -> Avg (1903.4)
Size (76) [ 1999 1982 1978 1977 2042 ] -> Avg (1995.6)
Size (77) [ 2044 2053 2026 2075 2062 ] -> Avg (2052)
Size (78) [ 2147 2177 2199 2152 2135 ] -> Avg (2162)
Size (79) [ 2272 2255 2225 2418 2219 ] -> Avg (2277.8)
Size (80) [ 2318 2314 2352 2336 2294 ] -> Avg (2322.8)
Size (81) [ 2379 2412 2381 2478 2404 ] -> Avg (2410.8)
Size (82) [ 2525 2518 2556 2509 2518 ] -> Avg (2525.2)
Size (83) [ 2606 2593 2670 2632 2609 ] -> Avg (2622)
Size (84) [ 2712 2718 2711 2749 2712 ] -> Avg (2720.4)
Size (85) [ 2829 2853 2779 2820 2791 ] -> Avg (2814.4)
Size (86) [ 2959 2933 2917 2907 2953 ] -> Avg (2933.8)
Size (87) [ 3003 3038 3023 3042 3107 ] -> Avg (3042.6)
Size (88) [ 3127 3212 3128 3202 3148 ] -> Avg (3163.4)
Size (89) [ 3256 3276 3276 3246 3288 ] -> Avg (3268.4)
Size (90) [ 3371 3406 3331 3316 3358 ] -> Avg (3356.4)
Size (91) [ 3549 3527 3549 3449 3470 ] -> Avg (3508.8)
Size (92) [ 3629 3595 3808 3608 3582 ] -> Avg (3644.4)
Size (93) [ 3765 3781 3791 3747 3731 ] -> Avg (3763)
Size (94) [ 3992 3848 3852 3894 3895 ] -> Avg (3896.2)
Size (95) [ 4001 4035 4080 4103 4015 ] -> Avg (4046.8)
Size (96) [ 4118 4140 4110 4119 4143 ] -> Avg (4126)
Size (97) [ 4217 4256 4317 4274 4246 ] -> Avg (4262)
Size (98) [ 4386 4391 4406 4521 4412 ] -> Avg (4423.2)
Size (99) [ 4548 4541 4546 4560 4506 ] -> Avg (4540.2)
Size (100) [ 4781 4733 4792 4745 4672 ] -> Avg (4744.6)
Size (101) [ 4901 4901 4873 4832 4826 ] -> Avg (4866.6)
